      2.35000      12.6387      44.7503
      2.40000      28.8299      43.6503
      2.50000      28.9350      41.3783
      2.60000      17.6857      39.3385
      2.70000      12.9261      37.2987
      2.80000      8.70830      35.3363
      2.90000      4.96040      33.3683
      3.00000      1.50540      31.6215
      3.10000     -1.46300      29.9797
      3.20000     -4.05560      28.1942
      3.30000     -6.27790      26.6464
      3.40000     -8.55540      25.0765
      3.50000     -10.5233      23.5895
      3.60000     -12.4028      22.1467
      3.70000     -14.3431      20.6818
      3.80000     -16.0236      19.4933
      3.90000     -17.6156      18.0007
      4.00000     -19.0750      16.8786
      4.10000     -20.4017      15.3695
      4.20000     -21.7505      14.2307
      4.30000     -23.0164      13.0477
      4.40000     -24.2436      12.0085
      4.50000     -25.1446      10.8089
      4.60000     -26.0181      9.86920
      4.70000     -27.0960      8.65860
      4.80000     -28.0081      7.55850
      4.90000     -28.9257      6.43080
      5.00000     -29.7826      5.77300
      5.10000     -30.6726      4.43520
      5.20000     -31.4299      3.46230
      5.30000     -32.2204      2.39540
      5.40000     -32.9169      1.38940
      5.50000     -33.5968     0.422000
      5.60000     -34.4979    -0.567500
      5.70000     -35.0728     -1.37460
      5.80000     -35.5261     -2.36960
      5.90000     -36.2502     -3.22650
      6.00000     -36.6593     -4.11090
      6.10000     -37.2287     -4.94010
      6.20000     -37.6930     -5.74170
      6.30000     -38.1684     -6.58740
      6.40000     -38.6217     -7.50510
      6.50000     -39.0418     -8.16840
      6.60000     -39.4398     -9.05840
      6.70000     -39.7715     -9.58910
      6.80000     -40.1363     -10.3077
      6.90000     -40.5620     -11.2143
      7.00000     -40.8716     -11.8832
      7.10000     -41.2088     -12.1927
      7.20000     -41.6178     -12.7511
      7.30000     -41.9771     -13.4033
      7.40000     -42.2259     -13.8179
      7.50000     -42.5631     -14.7909
      7.60000     -42.9114     -15.1391
      7.70000     -43.2209     -15.8964
      7.80000     -43.2043     -16.5653
      7.90000     -43.2600     -17.1513
      8.00000     -44.2381     -17.5327
      8.10000     -44.1773     -18.1187
      8.20000     -44.1275     -18.6604
      8.30000     -44.5089     -19.2353
      8.40000     -45.3713     -19.9097
      8.50000     -45.4431     -20.3243
      8.60000     -45.6256     -20.8881
      8.70000     -45.6587     -21.3857
      8.80000     -45.8301     -21.7560
      8.90000     -46.0567     -22.3973
      9.00000     -46.2558     -22.8340
      9.10000     -46.4492     -23.2430
      9.20000     -46.5985     -23.7184
      9.30000     -46.8030     -24.1164
      9.40000     -47.0020     -24.5089
      9.50000     -47.1789     -25.0396
      9.60000     -47.4056     -25.3768
      9.70000     -47.5825     -25.6366
      9.80000     -47.5659     -26.5156
      9.90000     -47.8423     -26.9578
      10.0000     -47.9915     -27.3282
      10.1000     -48.1076     -27.7096
      10.2000     -48.2458     -28.1021
      10.3000     -48.4116     -28.5167
      10.4000     -48.5719     -28.9313
      10.5000     -48.7267     -29.3403
      10.6000     -48.8870     -29.7273
      10.7000     -49.0031     -30.1032
      10.8000     -49.1247     -30.2856
      10.9000     -49.2408     -30.7334
      11.0000     -49.3680     -31.1093
      11.1000     -49.5504     -31.5460
      11.2000     -49.6554     -31.9163
      11.3000     -49.8102     -32.2812
      11.4000     -49.9042     -32.5797
      11.5000     -50.0037     -32.8450
      11.6000     -50.1142     -33.1214
      11.7000     -50.2082     -33.4310
      11.8000     -50.3464     -33.7682
      11.9000     -50.4846     -34.1275
      12.0000     -50.6504     -34.5200
      12.1000     -51.0639     -35.0695
      12.2500     -51.1763     -35.4052
      12.5000     -51.4085     -35.9635
      12.7500     -51.6241     -36.8093
      13.0000     -51.8342     -37.5445
      13.2500     -51.0829     -38.0641
      13.5000     -52.2875     -38.8104
      13.6000     -52.3254     -39.2353
      13.7000     -52.4470     -39.4785
      13.8000     -52.5631     -39.8047
      13.9000     -52.6184     -40.0479
      14.0000     -52.6902     -40.2359
      14.1000     -52.7676     -40.5344
      14.2000     -52.8561     -40.7334
      14.3000     -52.9114     -40.9876
      14.4000     -52.9998     -41.2364
      14.5000     -53.0606     -41.4575
      14.6000     -53.1104     -41.7394
      14.7000     -53.1933     -41.9163
      14.8000     -53.2817     -42.1375
      14.9000     -53.3591     -42.3088
      15.0000     -53.4420     -42.7566
      15.1000     -53.5360     -43.0053
      15.2000     -53.6521     -43.2596
      15.3000     -53.6963     -43.5250
      15.4000     -53.7792     -43.7903
      15.5000     -53.8622     -44.0722
      15.6000     -53.9340     -44.2989
      15.7000     -54.0225     -44.4758
      15.8000     -54.0667     -44.8627
      15.9000     -54.1330     -45.1778
